---------------
| P    | Q    | prime factors 
---------------
| 2711 | 3559 |
| 3253 | 3559 |
| 4013 | 3083 |
| 3779 | 2741 |
| 4073 | 2843 |
| 3469 | 3581 |
| 3319 | 3533 |
| 3391 | 3163 |
| 3727 | 3163 |
| 2749 | 3877 |
| 3307 | 3593 |
| 4001 | 4019 |
| 3967 | 3389 | X
| 3547 | 3457 |
| 4091 | 3797 |
---------------

-----------
| D       | provate keys
-----------
| 5364235 |
| 8027023 |
| 3379435 |
| 4640321 |
| 6475317 |
| 7913225 |
| 9844693 |
| 4606669 |
| 77351   |
| 1693433 |
| 4583261 |
| 491311  |
| 7664975 | X
| 9673633 |
| 7803361 |
-----------

-----------------------
| N        | E        | puclic keys
-----------------------
| 11726027 | 11554943 |
| 10657873 | 9660109  |
| 12372079 | 11551409 |
| 10358239 | 10076293 |
| 13444163 | 10092983 | X
| 15533527 | 14805481 |
| 9648449  | 9625789  |
| 12261979 | 8678863  |
| 10725733 | 9362921  |
| 16080019 | 12923297 |
| 12422489 | 11545577 |
| 11882051 | 8691269  |
| 11579539 | 11546371 |
| 11577427 | 10343167 |
| 11788501 | 9317299  |
-----------------------

-----------------------------------
| MESSAGEINDEX | ENCRYPTEDMESSAGE |
-----------------------------------
| 0            | 4284104          | X
| 1            | 5173926          |
| 2            | 2439879          |
| 3            | 11347151         |
| 4            | 8083188          |
| 5            | 12683967         |
| 6            | 1452637          |
| 7            | 5021529          |
| 8            | 8843626          |
| 9            | 6443957          |
| 10           | 2103639          |
| 11           | 10521358         |
| 12           | 11177625         |
| 13           | 5437345          |
| 14           | 13739409         |
-----------------------------------